padding = 100.0;
backgroundcolor = "fae7b5";

axis:
{
	color = "black";
	thickness = 10.0;
};

tags:
{
	length = 30.0;
	thickness = 5.0;
	xinter = -64;
	yinter = -54;
	xyratio = 1.0;
	tcolor = "black";

	pxinter = 100.0;
	pyinter = 50.0;


	fontsize = 20;
	xlabelfreq = 2;
	ylabelfreq = 2;
	lcolor = "red";
	fontfilename = "opel.ttf";
};

grid:
{
	enable = true;
	thickness = 1.0;
	color = "555555";
};

charts = 
(
	{
		thickness = 3.0;
		overlayprior = 0.0;
		color = "black";
data = [ 0.0, 0.0, 1.0, 0.5625, 2.0, 1.125, 3.0, 1.6875, 4.0, 2.25, 5.0, 2.8125, 6.0, 3.375, 7.0, 3.9375, 8.0, 4.5, 9.0, 5.0625, 10.0, 5.625, 11.0, 6.1875, 12.0, 6.75, 13.0, 7.3125, 14.0, 7.875, 15.0, 8.4375, 16.0, 9.0, 17.0, 9.5625, 18.0, 10.125, 19.0, 10.6875, 20.0, 11.25, 21.0, 11.8125, 22.0, 12.375, 23.0, 12.9375, 24.0, 13.5, 25.0, 14.0625, 26.0, 14.625, 27.0, 15.1875, 28.0, 15.75, 29.0, 16.3125, 30.0, 16.875, 31.0, 17.4375, 32.0, 18.0, 33.0, 18.5625, 34.0, 19.125, 35.0, 19.6875, 36.0, 20.25, 37.0, 20.8125, 38.0, 21.375, 39.0, 21.9375, 40.0, 22.5, 41.0, 23.0625, 42.0, 23.625, 43.0, 24.1875, 44.0, 24.75, 45.0, 25.3125, 46.0, 25.875, 47.0, 26.4375, 48.0, 27.0, 49.0, 27.5625, 50.0, 28.125, 51.0, 28.6875, 52.0, 29.25, 53.0, 29.8125, 54.0, 30.375, 55.0, 30.9375, 56.0, 31.5, 57.0, 32.0625, 58.0, 32.625, 59.0, 33.1875, 60.0, 33.75, 61.0, 34.3125, 62.0, 34.875, 63.0, 35.4375, 64.0, 36.0, 65.0, 36.5625, 66.0, 37.125, 67.0, 37.6875, 68.0, 38.25, 69.0, 38.8125, 70.0, 39.375, 71.0, 39.9375, 72.0, 40.5, 73.0, 41.0625, 74.0, 41.625, 75.0, 42.1875, 76.0, 42.75, 77.0, 43.3125, 78.0, 43.875, 79.0, 44.4375, 80.0, 45.0, 81.0, 45.5625, 82.0, 46.125, 83.0, 46.6875, 84.0, 47.25, 85.0, 47.8125, 86.0, 48.375, 87.0, 48.9375, 88.0, 49.5, 89.0, 50.0625, 90.0, 50.625, 91.0, 51.1875, 92.0, 51.75, 93.0, 52.3125, 94.0, 52.875, 95.0, 53.4375, 96.0, 54.0, 97.0, 54.5625, 98.0, 55.125, 99.0, 55.6875, 100.0, 56.25, 101.0, 56.8125, 102.0, 57.375, 103.0, 57.9375, 104.0, 58.5, 105.0, 59.0625, 106.0, 59.625, 107.0, 60.1875, 108.0, 60.75, 109.0, 61.3125, 110.0, 61.875, 111.0, 62.4375, 112.0, 63.0, 113.0, 63.5625, 114.0, 64.125, 115.0, 64.6875, 116.0, 65.25, 117.0, 65.8125, 118.0, 66.375, 119.0, 66.9375, 120.0, 67.5, 121.0, 68.0625, 122.0, 68.625, 123.0, 69.1875, 124.0, 69.75, 125.0, 70.3125, 126.0, 70.875, 127.0, 71.4375, 128.0, 72.0, 129.0, 72.5625, 130.0, 73.125, 131.0, 73.6875, 132.0, 74.25, 133.0, 74.8125, 134.0, 75.375, 135.0, 75.9375, 136.0, 76.5, 137.0, 77.0625, 138.0, 77.625, 139.0, 78.1875, 140.0, 78.75, 141.0, 79.3125, 142.0, 79.875, 143.0, 80.4375, 144.0, 81.0, 145.0, 81.5625, 146.0, 82.125, 147.0, 82.6875, 148.0, 83.25, 149.0, 83.8125, 150.0, 84.375, 151.0, 84.9375, 152.0, 85.5, 153.0, 86.0625, 154.0, 86.625, 155.0, 87.1875, 156.0, 87.75, 157.0, 88.3125, 158.0, 88.875, 159.0, 89.4375, 160.0, 90.0, 161.0, 90.5625, 162.0, 91.125, 163.0, 91.6875, 164.0, 92.25, 165.0, 92.8125, 166.0, 93.375, 167.0, 93.9375, 168.0, 94.5, 169.0, 95.0625, 170.0, 95.625, 171.0, 96.1875, 172.0, 96.75, 173.0, 97.3125, 174.0, 97.875, 175.0, 98.4375, 176.0, 99.0, 177.0, 99.5625, 178.0, 100.125, 179.0, 100.6875, 180.0, 101.25, 181.0, 101.8125, 182.0, 102.375, 183.0, 102.9375, 184.0, 103.5, 185.0, 104.0625, 186.0, 104.625, 187.0, 105.1875, 188.0, 105.75, 189.0, 106.3125, 190.0, 106.875, 191.0, 107.4375, 192.0, 108.0, 193.0, 108.5625, 194.0, 109.125, 195.0, 109.6875, 196.0, 110.25, 197.0, 110.8125, 198.0, 111.375, 199.0, 111.9375, 200.0, 112.5, 201.0, 113.0625, 202.0, 113.625, 203.0, 114.1875, 204.0, 114.75, 205.0, 115.3125, 206.0, 115.875, 207.0, 116.4375, 208.0, 117.0, 209.0, 117.5625, 210.0, 118.125, 211.0, 118.6875, 212.0, 119.25, 213.0, 119.8125, 214.0, 120.375, 215.0, 120.9375, 216.0, 121.5, 217.0, 122.0625, 218.0, 122.625, 219.0, 123.1875, 220.0, 123.75, 221.0, 124.3125, 222.0, 124.875, 223.0, 125.4375, 224.0, 126.0, 225.0, 126.5625, 226.0, 127.125, 227.0, 127.6875, 228.0, 128.25, 229.0, 128.8125, 230.0, 129.375, 231.0, 129.9375, 232.0, 130.5, 233.0, 131.0625, 234.0, 131.625, 235.0, 132.1875, 236.0, 132.75, 237.0, 133.3125, 238.0, 133.875, 239.0, 134.4375, 240.0, 135.0, 241.0, 135.5625, 242.0, 136.125, 243.0, 136.6875, 244.0, 137.25, 245.0, 137.8125, 246.0, 138.375, 247.0, 138.9375, 248.0, 139.5, 249.0, 140.0625, 250.0, 140.625, 251.0, 141.1875, 252.0, 141.75, 253.0, 142.3125, 254.0, 142.875, 255.0, 143.4375, 256.0, 144.0, 257.0, 144.5625, 258.0, 145.125, 259.0, 145.6875, 260.0, 146.25, 261.0, 146.8125, 262.0, 147.375, 263.0, 147.9375, 264.0, 148.5, 265.0, 149.0625, 266.0, 149.625, 267.0, 150.1875, 268.0, 150.75, 269.0, 151.3125, 270.0, 151.875, 271.0, 152.4375, 272.0, 153.0, 273.0, 153.5625, 274.0, 154.125, 275.0, 154.6875, 276.0, 155.25, 277.0, 155.8125, 278.0, 156.375, 279.0, 156.9375, 280.0, 157.5, 281.0, 158.0625, 282.0, 158.625, 283.0, 159.1875, 284.0, 159.75, 285.0, 160.3125, 286.0, 160.875, 287.0, 161.4375, 288.0, 162.0, 289.0, 162.5625, 290.0, 163.125, 291.0, 163.6875, 292.0, 164.25, 293.0, 164.8125, 294.0, 165.375, 295.0, 165.9375, 296.0, 166.5, 297.0, 167.0625, 298.0, 167.625, 299.0, 168.1875, 300.0, 168.75, 301.0, 169.3125, 302.0, 169.875, 303.0, 170.4375, 304.0, 171.0, 305.0, 171.5625, 306.0, 172.125, 307.0, 172.6875, 308.0, 173.25, 309.0, 173.8125, 310.0, 174.375, 311.0, 174.9375, 312.0, 175.5, 313.0, 176.0625, 314.0, 176.625, 315.0, 177.1875, 316.0, 177.75, 317.0, 178.3125, 318.0, 178.875, 319.0, 179.4375, 320.0, 180.0, 321.0, 180.5625, 322.0, 181.125, 323.0, 181.6875, 324.0, 182.25, 325.0, 182.8125, 326.0, 183.375, 327.0, 183.9375, 328.0, 184.5, 329.0, 185.0625, 330.0, 185.625, 331.0, 186.1875, 332.0, 186.75, 333.0, 187.3125, 334.0, 187.875, 335.0, 188.4375, 336.0, 189.0, 337.0, 189.5625, 338.0, 190.125, 339.0, 190.6875, 340.0, 191.25, 341.0, 191.8125, 342.0, 192.375, 343.0, 192.9375, 344.0, 193.5, 345.0, 194.0625, 346.0, 194.625, 347.0, 195.1875, 348.0, 195.75, 349.0, 196.3125, 350.0, 196.875, 351.0, 197.4375, 352.0, 198.0, 353.0, 198.5625, 354.0, 199.125, 355.0, 199.6875, 356.0, 200.25, 357.0, 200.8125, 358.0, 201.375, 359.0, 201.9375, 360.0, 202.5, 361.0, 203.0625, 362.0, 203.625, 363.0, 204.1875, 364.0, 204.75, 365.0, 205.3125, 366.0, 205.875, 367.0, 206.4375, 368.0, 207.0, 369.0, 207.5625, 370.0, 208.125, 371.0, 208.6875, 372.0, 209.25, 373.0, 209.8125, 374.0, 210.375, 375.0, 210.9375, 376.0, 211.5, 377.0, 212.0625, 378.0, 212.625, 379.0, 213.1875, 380.0, 213.75, 381.0, 214.3125, 382.0, 214.875, 383.0, 215.4375, 384.0, 216.0, 385.0, 216.5625, 386.0, 217.125, 387.0, 217.6875, 388.0, 218.25, 389.0, 218.8125, 390.0, 219.375, 391.0, 219.9375, 392.0, 220.5, 393.0, 221.0625, 394.0, 221.625, 395.0, 222.1875, 396.0, 222.75, 397.0, 223.3125, 398.0, 223.875, 399.0, 224.4375, 400.0, 225.0, 401.0, 225.5625, 402.0, 226.125, 403.0, 226.6875, 404.0, 227.25, 405.0, 227.8125, 406.0, 228.375, 407.0, 228.9375, 408.0, 229.5, 409.0, 230.0625, 410.0, 230.625, 411.0, 231.1875, 412.0, 231.75, 413.0, 232.3125, 414.0, 232.875, 415.0, 233.4375, 416.0, 234.0, 417.0, 234.5625, 418.0, 235.125, 419.0, 235.6875, 420.0, 236.25, 421.0, 236.8125, 422.0, 237.375, 423.0, 237.9375, 424.0, 238.5, 425.0, 239.0625, 426.0, 239.625, 427.0, 240.1875, 428.0, 240.75, 429.0, 241.3125, 430.0, 241.875, 431.0, 242.4375, 432.0, 243.0, 433.0, 243.5625, 434.0, 244.125, 435.0, 244.6875, 436.0, 245.25, 437.0, 245.8125, 438.0, 246.375, 439.0, 246.9375, 440.0, 247.5, 441.0, 248.0625, 442.0, 248.625, 443.0, 249.1875, 444.0, 249.75, 445.0, 250.3125, 446.0, 250.875, 447.0, 251.4375, 448.0, 252.0, 449.0, 252.5625, 450.0, 253.125, 451.0, 253.6875, 452.0, 254.25, 453.0, 254.8125, 454.0, 255.375, 455.0, 255.9375, 456.0, 256.5, 457.0, 257.0625, 458.0, 257.625, 459.0, 258.1875, 460.0, 258.75, 461.0, 259.3125, 462.0, 259.875, 463.0, 260.4375, 464.0, 261.0, 465.0, 261.5625, 466.0, 262.125, 467.0, 262.6875, 468.0, 263.25, 469.0, 263.8125, 470.0, 264.375, 471.0, 264.9375, 472.0, 265.5, 473.0, 266.0625, 474.0, 266.625, 475.0, 267.1875, 476.0, 267.75, 477.0, 268.3125, 478.0, 268.875, 479.0, 269.4375, 480.0, 270.0, 481.0, 270.5625, 482.0, 271.125, 483.0, 271.6875, 484.0, 272.25, 485.0, 272.8125, 486.0, 273.375, 487.0, 273.9375, 488.0, 274.5, 489.0, 275.0625, 490.0, 275.625, 491.0, 276.1875, 492.0, 276.75, 493.0, 277.3125, 494.0, 277.875, 495.0, 278.4375, 496.0, 279.0, 497.0, 279.5625, 498.0, 280.125, 499.0, 280.6875, 500.0, 281.25, 501.0, 281.8125, 502.0, 282.375, 503.0, 282.9375, 504.0, 283.5, 505.0, 284.0625, 506.0, 284.625, 507.0, 285.1875, 508.0, 285.75, 509.0, 286.3125, 510.0, 286.875, 511.0, 287.4375, 512.0, 288.0, 513.0, 288.5625, 514.0, 289.125, 515.0, 289.6875, 516.0, 290.25, 517.0, 290.8125, 518.0, 291.375, 519.0, 291.9375, 520.0, 292.5, 521.0, 293.0625, 522.0, 293.625, 523.0, 294.1875, 524.0, 294.75, 525.0, 295.3125, 526.0, 295.875, 527.0, 296.4375, 528.0, 297.0, 529.0, 297.5625, 530.0, 298.125, 531.0, 298.6875, 532.0, 299.25, 533.0, 299.8125, 534.0, 300.375, 535.0, 300.9375, 536.0, 301.5, 537.0, 302.0625, 538.0, 302.625, 539.0, 303.1875, 540.0, 303.75, 541.0, 304.3125, 542.0, 304.875, 543.0, 305.4375, 544.0, 306.0, 545.0, 306.5625, 546.0, 307.125, 547.0, 307.6875, 548.0, 308.25, 549.0, 308.8125, 550.0, 309.375, 551.0, 309.9375, 552.0, 310.5, 553.0, 311.0625, 554.0, 311.625, 555.0, 312.1875, 556.0, 312.75, 557.0, 313.3125, 558.0, 313.875, 559.0, 314.4375, 560.0, 315.0, 561.0, 315.5625, 562.0, 316.125, 563.0, 316.6875, 564.0, 317.25, 565.0, 317.8125, 566.0, 318.375, 567.0, 318.9375, 568.0, 319.5, 569.0, 320.0625, 570.0, 320.625, 571.0, 321.1875, 572.0, 321.75, 573.0, 322.3125, 574.0, 322.875, 575.0, 323.4375, 576.0, 324.0, 577.0, 324.5625, 578.0, 325.125, 579.0, 325.6875, 580.0, 326.25, 581.0, 326.8125, 582.0, 327.375, 583.0, 327.9375, 584.0, 328.5, 585.0, 329.0625, 586.0, 329.625, 587.0, 330.1875, 588.0, 330.75, 589.0, 331.3125, 590.0, 331.875, 591.0, 332.4375, 592.0, 333.0, 593.0, 333.5625, 594.0, 334.125, 595.0, 334.6875, 596.0, 335.25, 597.0, 335.8125, 598.0, 336.375, 599.0, 336.9375, 600.0, 337.5, 601.0, 338.0625, 602.0, 338.625, 603.0, 339.1875, 604.0, 339.75, 605.0, 340.3125, 606.0, 340.875, 607.0, 341.4375, 608.0, 342.0, 609.0, 342.5625, 610.0, 343.125, 611.0, 343.6875, 612.0, 344.25, 613.0, 344.8125, 614.0, 345.375, 615.0, 345.9375, 616.0, 346.5, 617.0, 347.0625, 618.0, 347.625, 619.0, 348.1875, 620.0, 348.75, 621.0, 349.3125, 622.0, 349.875, 623.0, 350.4375, 624.0, 351.0, 625.0, 351.5625, 626.0, 352.125, 627.0, 352.6875, 628.0, 353.25, 629.0, 353.8125, 630.0, 354.375, 631.0, 354.9375, 632.0, 355.5, 633.0, 356.0625, 634.0, 356.625, 635.0, 357.1875, 636.0, 357.75, 637.0, 358.3125, 638.0, 358.875, 639.0, 359.4375, 640.0, 360.0, 641.0, 360.5625, 642.0, 361.125, 643.0, 361.6875, 644.0, 362.25, 645.0, 362.8125, 646.0, 363.375, 647.0, 363.9375, 648.0, 364.5, 649.0, 365.0625, 650.0, 365.625, 651.0, 366.1875, 652.0, 366.75, 653.0, 367.3125, 654.0, 367.875, 655.0, 368.4375, 656.0, 369.0, 657.0, 369.5625, 658.0, 370.125, 659.0, 370.6875, 660.0, 371.25, 661.0, 371.8125, 662.0, 372.375, 663.0, 372.9375, 664.0, 373.5, 665.0, 374.0625, 666.0, 374.625, 667.0, 375.1875, 668.0, 375.75, 669.0, 376.3125, 670.0, 376.875, 671.0, 377.4375, 672.0, 378.0, 673.0, 378.5625, 674.0, 379.125, 675.0, 379.6875, 676.0, 380.25, 677.0, 380.8125, 678.0, 381.375, 679.0, 381.9375, 680.0, 382.5, 681.0, 383.0625, 682.0, 383.625, 683.0, 384.1875, 684.0, 384.75, 685.0, 385.3125, 686.0, 385.875, 687.0, 386.4375, 688.0, 387.0, 689.0, 387.5625, 690.0, 388.125, 691.0, 388.6875, 692.0, 389.25, 693.0, 389.8125, 694.0, 390.375, 695.0, 390.9375, 696.0, 391.5, 697.0, 392.0625, 698.0, 392.625, 699.0, 393.1875, 700.0, 393.75, 701.0, 394.3125, 702.0, 394.875, 703.0, 395.4375, 704.0, 396.0, 705.0, 396.5625, 706.0, 397.125, 707.0, 397.6875, 708.0, 398.25, 709.0, 398.8125, 710.0, 399.375, 711.0, 399.9375, 712.0, 400.5, 713.0, 401.0625, 714.0, 401.625, 715.0, 402.1875, 716.0, 402.75, 717.0, 403.3125, 718.0, 403.875, 719.0, 404.4375, 720.0, 405.0, 721.0, 405.5625, 722.0, 406.125, 723.0, 406.6875, 724.0, 407.25, 725.0, 407.8125, 726.0, 408.375, 727.0, 408.9375, 728.0, 409.5, 729.0, 410.0625, 730.0, 410.625, 731.0, 411.1875, 732.0, 411.75, 733.0, 412.3125, 734.0, 412.875, 735.0, 413.4375, 736.0, 414.0, 737.0, 414.5625, 738.0, 415.125, 739.0, 415.6875, 740.0, 416.25, 741.0, 416.8125, 742.0, 417.375, 743.0, 417.9375, 744.0, 418.5, 745.0, 419.0625, 746.0, 419.625, 747.0, 420.1875, 748.0, 420.75, 749.0, 421.3125, 750.0, 421.875, 751.0, 422.4375, 752.0, 423.0, 753.0, 423.5625, 754.0, 424.125, 755.0, 424.6875, 756.0, 425.25, 757.0, 425.8125, 758.0, 426.375, 759.0, 426.9375, 760.0, 427.5, 761.0, 428.0625, 762.0, 428.625, 763.0, 429.1875, 764.0, 429.75, 765.0, 430.3125, 766.0, 430.875, 767.0, 431.4375, 768.0, 432.0, 769.0, 432.5625, 770.0, 433.125, 771.0, 433.6875, 772.0, 434.25, 773.0, 434.8125, 774.0, 435.375, 775.0, 435.9375, 776.0, 436.5, 777.0, 437.0625, 778.0, 437.625, 779.0, 438.1875, 780.0, 438.75, 781.0, 439.3125, 782.0, 439.875, 783.0, 440.4375, 784.0, 441.0, 785.0, 441.5625, 786.0, 442.125, 787.0, 442.6875, 788.0, 443.25, 789.0, 443.8125, 790.0, 444.375, 791.0, 444.9375, 792.0, 445.5, 793.0, 446.0625, 794.0, 446.625, 795.0, 447.1875, 796.0, 447.75, 797.0, 448.3125, 798.0, 448.875, 799.0, 449.4375, 800.0, 450.0, 801.0, 450.5625, 802.0, 451.125, 803.0, 451.6875, 804.0, 452.25, 805.0, 452.8125, 806.0, 453.375, 807.0, 453.9375, 808.0, 454.5, 809.0, 455.0625, 810.0, 455.625, 811.0, 456.1875, 812.0, 456.75, 813.0, 457.3125, 814.0, 457.875, 815.0, 458.4375, 816.0, 459.0, 817.0, 459.5625, 818.0, 460.125, 819.0, 460.6875, 820.0, 461.25, 821.0, 461.8125, 822.0, 462.375, 823.0, 462.9375, 824.0, 463.5, 825.0, 464.0625, 826.0, 464.625, 827.0, 465.1875, 828.0, 465.75, 829.0, 466.3125, 830.0, 466.875, 831.0, 467.4375, 832.0, 468.0, 833.0, 468.5625, 834.0, 469.125, 835.0, 469.6875, 836.0, 470.25, 837.0, 470.8125, 838.0, 471.375, 839.0, 471.9375, 840.0, 472.5, 841.0, 473.0625, 842.0, 473.625, 843.0, 474.1875, 844.0, 474.75, 845.0, 475.3125, 846.0, 475.875, 847.0, 476.4375, 848.0, 477.0, 849.0, 477.5625, 850.0, 478.125, 851.0, 478.6875, 852.0, 479.25, 853.0, 479.8125, 854.0, 480.375, 855.0, 480.9375, 856.0, 481.5, 857.0, 482.0625, 858.0, 482.625, 859.0, 483.1875, 860.0, 483.75, 861.0, 484.3125, 862.0, 484.875, 863.0, 485.4375, 864.0, 486.0, 865.0, 486.5625, 866.0, 487.125, 867.0, 487.6875, 868.0, 488.25, 869.0, 488.8125, 870.0, 489.375, 871.0, 489.9375, 872.0, 490.5, 873.0, 491.0625, 874.0, 491.625, 875.0, 492.1875, 876.0, 492.75, 877.0, 493.3125, 878.0, 493.875, 879.0, 494.4375, 880.0, 495.0, 881.0, 495.5625, 882.0, 496.125, 883.0, 496.6875, 884.0, 497.25, 885.0, 497.8125, 886.0, 498.375, 887.0, 498.9375, 888.0, 499.5, 889.0, 500.0625, 890.0, 500.625, 891.0, 501.1875, 892.0, 501.75, 893.0, 502.3125, 894.0, 502.875, 895.0, 503.4375, 896.0, 504.0, 897.0, 504.5625, 898.0, 505.125, 899.0, 505.6875, 900.0, 506.25, 901.0, 506.8125, 902.0, 507.375, 903.0, 507.9375, 904.0, 508.5, 905.0, 509.0625, 906.0, 509.625, 907.0, 510.1875, 908.0, 510.75, 909.0, 511.3125, 910.0, 511.875, 911.0, 512.4375, 912.0, 513.0, 913.0, 513.5625, 914.0, 514.125, 915.0, 514.6875, 916.0, 515.25, 917.0, 515.8125, 918.0, 516.375, 919.0, 516.9375, 920.0, 517.5, 921.0, 518.0625, 922.0, 518.625, 923.0, 519.1875, 924.0, 519.75, 925.0, 520.3125, 926.0, 520.875, 927.0, 521.4375, 928.0, 522.0, 929.0, 522.5625, 930.0, 523.125, 931.0, 523.6875, 932.0, 524.25, 933.0, 524.8125, 934.0, 525.375, 935.0, 525.9375, 936.0, 526.5, 937.0, 527.0625, 938.0, 527.625, 939.0, 528.1875, 940.0, 528.75, 941.0, 529.3125, 942.0, 529.875, 943.0, 530.4375, 944.0, 531.0, 945.0, 531.5625, 946.0, 532.125, 947.0, 532.6875, 948.0, 533.25, 949.0, 533.8125, 950.0, 534.375, 951.0, 534.9375, 952.0, 535.5, 953.0, 536.0625, 954.0, 536.625, 955.0, 537.1875, 956.0, 537.75, 957.0, 538.3125, 958.0, 538.875, 959.0, 539.4375, 960.0, 540.0, 961.0, 540.5625, 962.0, 541.125, 963.0, 541.6875, 964.0, 542.25, 965.0, 542.8125, 966.0, 543.375, 967.0, 543.9375, 968.0, 544.5, 969.0, 545.0625, 970.0, 545.625, 971.0, 546.1875, 972.0, 546.75, 973.0, 547.3125, 974.0, 547.875, 975.0, 548.4375, 976.0, 549.0, 977.0, 549.5625, 978.0, 550.125, 979.0, 550.6875, 980.0, 551.25, 981.0, 551.8125, 982.0, 552.375, 983.0, 552.9375, 984.0, 553.5, 985.0, 554.0625, 986.0, 554.625, 987.0, 555.1875, 988.0, 555.75, 989.0, 556.3125, 990.0, 556.875, 991.0, 557.4375, 992.0, 558.0, 993.0, 558.5625, 994.0, 559.125, 995.0, 559.6875, 996.0, 560.25, 997.0, 560.8125, 998.0, 561.375, 999.0, 561.9375, 1000.0, 562.5, 1001.0, 563.0625, 1002.0, 563.625, 1003.0, 564.1875, 1004.0, 564.75, 1005.0, 565.3125, 1006.0, 565.875, 1007.0, 566.4375, 1008.0, 567.0, 1009.0, 567.5625, 1010.0, 568.125, 1011.0, 568.6875, 1012.0, 569.25, 1013.0, 569.8125, 1014.0, 570.375, 1015.0, 570.9375, 1016.0, 571.5, 1017.0, 572.0625, 1018.0, 572.625, 1019.0, 573.1875, 1020.0, 573.75, 1021.0, 574.3125, 1022.0, 574.875, 1023.0, 575.4375, 1024.0, 576.0, 1025.0, 576.5625, 1026.0, 577.125, 1027.0, 577.6875, 1028.0, 578.25, 1029.0, 578.8125, 1030.0, 579.375, 1031.0, 579.9375, 1032.0, 580.5, 1033.0, 581.0625, 1034.0, 581.625, 1035.0, 582.1875, 1036.0, 582.75, 1037.0, 583.3125, 1038.0, 583.875, 1039.0, 584.4375, 1040.0, 585.0, 1041.0, 585.5625, 1042.0, 586.125, 1043.0, 586.6875, 1044.0, 587.25, 1045.0, 587.8125, 1046.0, 588.375, 1047.0, 588.9375, 1048.0, 589.5, 1049.0, 590.0625, 1050.0, 590.625, 1051.0, 591.1875, 1052.0, 591.75, 1053.0, 592.3125, 1054.0, 592.875, 1055.0, 593.4375, 1056.0, 594.0, 1057.0, 594.5625, 1058.0, 595.125, 1059.0, 595.6875, 1060.0, 596.25, 1061.0, 596.8125, 1062.0, 597.375, 1063.0, 597.9375, 1064.0, 598.5, 1065.0, 599.0625, 1066.0, 599.625, 1067.0, 600.1875, 1068.0, 600.75, 1069.0, 601.3125, 1070.0, 601.875, 1071.0, 602.4375, 1072.0, 603.0, 1073.0, 603.5625, 1074.0, 604.125, 1075.0, 604.6875, 1076.0, 605.25, 1077.0, 605.8125, 1078.0, 606.375, 1079.0, 606.9375, 1080.0, 607.5, 1081.0, 608.0625, 1082.0, 608.625, 1083.0, 609.1875, 1084.0, 609.75, 1085.0, 610.3125, 1086.0, 610.875, 1087.0, 611.4375, 1088.0, 612.0, 1089.0, 612.5625, 1090.0, 613.125, 1091.0, 613.6875, 1092.0, 614.25, 1093.0, 614.8125, 1094.0, 615.375, 1095.0, 615.9375, 1096.0, 616.5, 1097.0, 617.0625, 1098.0, 617.625, 1099.0, 618.1875, 1100.0, 618.75, 1101.0, 619.3125, 1102.0, 619.875, 1103.0, 620.4375, 1104.0, 621.0, 1105.0, 621.5625, 1106.0, 622.125, 1107.0, 622.6875, 1108.0, 623.25, 1109.0, 623.8125, 1110.0, 624.375, 1111.0, 624.9375, 1112.0, 625.5, 1113.0, 626.0625, 1114.0, 626.625, 1115.0, 627.1875, 1116.0, 627.75, 1117.0, 628.3125, 1118.0, 628.875, 1119.0, 629.4375, 1120.0, 630.0, 1121.0, 630.5625, 1122.0, 631.125, 1123.0, 631.6875, 1124.0, 632.25, 1125.0, 632.8125, 1126.0, 633.375, 1127.0, 633.9375, 1128.0, 634.5, 1129.0, 635.0625, 1130.0, 635.625, 1131.0, 636.1875, 1132.0, 636.75, 1133.0, 637.3125, 1134.0, 637.875, 1135.0, 638.4375, 1136.0, 639.0, 1137.0, 639.5625, 1138.0, 640.125, 1139.0, 640.6875, 1140.0, 641.25, 1141.0, 641.8125, 1142.0, 642.375, 1143.0, 642.9375, 1144.0, 643.5, 1145.0, 644.0625, 1146.0, 644.625, 1147.0, 645.1875, 1148.0, 645.75, 1149.0, 646.3125, 1150.0, 646.875, 1151.0, 647.4375, 1152.0, 648.0, 1153.0, 648.5625, 1154.0, 649.125, 1155.0, 649.6875, 1156.0, 650.25, 1157.0, 650.8125, 1158.0, 651.375, 1159.0, 651.9375, 1160.0, 652.5, 1161.0, 653.0625, 1162.0, 653.625, 1163.0, 654.1875, 1164.0, 654.75, 1165.0, 655.3125, 1166.0, 655.875, 1167.0, 656.4375, 1168.0, 657.0, 1169.0, 657.5625, 1170.0, 658.125, 1171.0, 658.6875, 1172.0, 659.25, 1173.0, 659.8125, 1174.0, 660.375, 1175.0, 660.9375, 1176.0, 661.5, 1177.0, 662.0625, 1178.0, 662.625, 1179.0, 663.1875, 1180.0, 663.75, 1181.0, 664.3125, 1182.0, 664.875, 1183.0, 665.4375, 1184.0, 666.0, 1185.0, 666.5625, 1186.0, 667.125, 1187.0, 667.6875, 1188.0, 668.25, 1189.0, 668.8125, 1190.0, 669.375, 1191.0, 669.9375, 1192.0, 670.5, 1193.0, 671.0625, 1194.0, 671.625, 1195.0, 672.1875, 1196.0, 672.75, 1197.0, 673.3125, 1198.0, 673.875, 1199.0, 674.4375, 1200.0, 675.0, 1201.0, 675.5625, 1202.0, 676.125, 1203.0, 676.6875, 1204.0, 677.25, 1205.0, 677.8125, 1206.0, 678.375, 1207.0, 678.9375, 1208.0, 679.5, 1209.0, 680.0625, 1210.0, 680.625, 1211.0, 681.1875, 1212.0, 681.75, 1213.0, 682.3125, 1214.0, 682.875, 1215.0, 683.4375, 1216.0, 684.0, 1217.0, 684.5625, 1218.0, 685.125, 1219.0, 685.6875, 1220.0, 686.25, 1221.0, 686.8125, 1222.0, 687.375, 1223.0, 687.9375, 1224.0, 688.5, 1225.0, 689.0625, 1226.0, 689.625, 1227.0, 690.1875, 1228.0, 690.75, 1229.0, 691.3125, 1230.0, 691.875, 1231.0, 692.4375, 1232.0, 693.0, 1233.0, 693.5625, 1234.0, 694.125, 1235.0, 694.6875, 1236.0, 695.25, 1237.0, 695.8125, 1238.0, 696.375, 1239.0, 696.9375, 1240.0, 697.5, 1241.0, 698.0625, 1242.0, 698.625, 1243.0, 699.1875, 1244.0, 699.75, 1245.0, 700.3125, 1246.0, 700.875, 1247.0, 701.4375, 1248.0, 702.0, 1249.0, 702.5625, 1250.0, 703.125, 1251.0, 703.6875, 1252.0, 704.25, 1253.0, 704.8125, 1254.0, 705.375, 1255.0, 705.9375, 1256.0, 706.5, 1257.0, 707.0625, 1258.0, 707.625, 1259.0, 708.1875, 1260.0, 708.75, 1261.0, 709.3125, 1262.0, 709.875, 1263.0, 710.4375, 1264.0, 711.0, 1265.0, 711.5625, 1266.0, 712.125, 1267.0, 712.6875, 1268.0, 713.25, 1269.0, 713.8125, 1270.0, 714.375, 1271.0, 714.9375, 1272.0, 715.5, 1273.0, 716.0625, 1274.0, 716.625, 1275.0, 717.1875, 1276.0, 717.75, 1277.0, 718.3125, 1278.0, 718.875, 1279.0, 719.4375, 1280.0, 720.0, 1281.0, 720.5625, 1282.0, 721.125, 1283.0, 721.6875, 1284.0, 722.25, 1285.0, 722.8125, 1286.0, 723.375, 1287.0, 723.9375, 1288.0, 724.5, 1289.0, 725.0625, 1290.0, 725.625, 1291.0, 726.1875, 1292.0, 726.75, 1293.0, 727.3125, 1294.0, 727.875, 1295.0, 728.4375, 1296.0, 729.0, 1297.0, 729.5625, 1298.0, 730.125, 1299.0, 730.6875, 1300.0, 731.25, 1301.0, 731.8125, 1302.0, 732.375, 1303.0, 732.9375, 1304.0, 733.5, 1305.0, 734.0625, 1306.0, 734.625, 1307.0, 735.1875, 1308.0, 735.75, 1309.0, 736.3125, 1310.0, 736.875, 1311.0, 737.4375, 1312.0, 738.0, 1313.0, 738.5625, 1314.0, 739.125, 1315.0, 739.6875, 1316.0, 740.25, 1317.0, 740.8125, 1318.0, 741.375, 1319.0, 741.9375, 1320.0, 742.5, 1321.0, 743.0625, 1322.0, 743.625, 1323.0, 744.1875, 1324.0, 744.75, 1325.0, 745.3125, 1326.0, 745.875, 1327.0, 746.4375, 1328.0, 747.0, 1329.0, 747.5625, 1330.0, 748.125, 1331.0, 748.6875, 1332.0, 749.25, 1333.0, 749.8125, 1334.0, 750.375, 1335.0, 750.9375, 1336.0, 751.5, 1337.0, 752.0625, 1338.0, 752.625, 1339.0, 753.1875, 1340.0, 753.75, 1341.0, 754.3125, 1342.0, 754.875, 1343.0, 755.4375, 1344.0, 756.0, 1345.0, 756.5625, 1346.0, 757.125, 1347.0, 757.6875, 1348.0, 758.25, 1349.0, 758.8125, 1350.0, 759.375, 1351.0, 759.9375, 1352.0, 760.5, 1353.0, 761.0625, 1354.0, 761.625, 1355.0, 762.1875, 1356.0, 762.75, 1357.0, 763.3125, 1358.0, 763.875, 1359.0, 764.4375, 1360.0, 765.0, 1361.0, 765.5625, 1362.0, 766.125, 1363.0, 766.6875, 1364.0, 767.25, 1365.0, 767.8125, 1366.0, 768.375, 1367.0, 768.9375, 1368.0, 769.5, 1369.0, 770.0625, 1370.0, 770.625, 1371.0, 771.1875, 1372.0, 771.75, 1373.0, 772.3125, 1374.0, 772.875, 1375.0, 773.4375, 1376.0, 774.0, 1377.0, 774.5625, 1378.0, 775.125, 1379.0, 775.6875, 1380.0, 776.25, 1381.0, 776.8125, 1382.0, 777.375, 1383.0, 777.9375, 1384.0, 778.5, 1385.0, 779.0625, 1386.0, 779.625, 1387.0, 780.1875, 1388.0, 780.75, 1389.0, 781.3125, 1390.0, 781.875, 1391.0, 782.4375, 1392.0, 783.0, 1393.0, 783.5625, 1394.0, 784.125, 1395.0, 784.6875, 1396.0, 785.25, 1397.0, 785.8125, 1398.0, 786.375, 1399.0, 786.9375, 1400.0, 787.5, 1401.0, 788.0625, 1402.0, 788.625, 1403.0, 789.1875, 1404.0, 789.75, 1405.0, 790.3125, 1406.0, 790.875, 1407.0, 791.4375, 1408.0, 792.0, 1409.0, 792.5625, 1410.0, 793.125, 1411.0, 793.6875, 1412.0, 794.25, 1413.0, 794.8125, 1414.0, 795.375, 1415.0, 795.9375, 1416.0, 796.5, 1417.0, 797.0625, 1418.0, 797.625, 1419.0, 798.1875, 1420.0, 798.75, 1421.0, 799.3125, 1422.0, 799.875, 1423.0, 800.4375, 1424.0, 801.0, 1425.0, 801.5625, 1426.0, 802.125, 1427.0, 802.6875, 1428.0, 803.25, 1429.0, 803.8125, 1430.0, 804.375, 1431.0, 804.9375, 1432.0, 805.5, 1433.0, 806.0625, 1434.0, 806.625, 1435.0, 807.1875, 1436.0, 807.75, 1437.0, 808.3125, 1438.0, 808.875, 1439.0, 809.4375, 1440.0, 810.0, 1441.0, 810.5625, 1442.0, 811.125, 1443.0, 811.6875, 1444.0, 812.25, 1445.0, 812.8125, 1446.0, 813.375, 1447.0, 813.9375, 1448.0, 814.5, 1449.0, 815.0625, 1450.0, 815.625, 1451.0, 816.1875, 1452.0, 816.75, 1453.0, 817.3125, 1454.0, 817.875, 1455.0, 818.4375, 1456.0, 819.0, 1457.0, 819.5625, 1458.0, 820.125, 1459.0, 820.6875, 1460.0, 821.25, 1461.0, 821.8125, 1462.0, 822.375, 1463.0, 822.9375, 1464.0, 823.5, 1465.0, 824.0625, 1466.0, 824.625, 1467.0, 825.1875, 1468.0, 825.75, 1469.0, 826.3125, 1470.0, 826.875, 1471.0, 827.4375, 1472.0, 828.0, 1473.0, 828.5625, 1474.0, 829.125, 1475.0, 829.6875, 1476.0, 830.25, 1477.0, 830.8125, 1478.0, 831.375, 1479.0, 831.9375, 1480.0, 832.5, 1481.0, 833.0625, 1482.0, 833.625, 1483.0, 834.1875, 1484.0, 834.75, 1485.0, 835.3125, 1486.0, 835.875, 1487.0, 836.4375, 1488.0, 837.0, 1489.0, 837.5625, 1490.0, 838.125, 1491.0, 838.6875, 1492.0, 839.25, 1493.0, 839.8125, 1494.0, 840.375, 1495.0, 840.9375, 1496.0, 841.5, 1497.0, 842.0625, 1498.0, 842.625, 1499.0, 843.1875, 1500.0, 843.75, 1501.0, 844.3125, 1502.0, 844.875, 1503.0, 845.4375, 1504.0, 846.0, 1505.0, 846.5625, 1506.0, 847.125, 1507.0, 847.6875, 1508.0, 848.25, 1509.0, 848.8125, 1510.0, 849.375, 1511.0, 849.9375, 1512.0, 850.5, 1513.0, 851.0625, 1514.0, 851.625, 1515.0, 852.1875, 1516.0, 852.75, 1517.0, 853.3125, 1518.0, 853.875, 1519.0, 854.4375, 1520.0, 855.0, 1521.0, 855.5625, 1522.0, 856.125, 1523.0, 856.6875, 1524.0, 857.25, 1525.0, 857.8125, 1526.0, 858.375, 1527.0, 858.9375, 1528.0, 859.5, 1529.0, 860.0625, 1530.0, 860.625, 1531.0, 861.1875, 1532.0, 861.75, 1533.0, 862.3125, 1534.0, 862.875, 1535.0, 863.4375, 1536.0, 864.0, 1537.0, 864.5625, 1538.0, 865.125, 1539.0, 865.6875, 1540.0, 866.25, 1541.0, 866.8125, 1542.0, 867.375, 1543.0, 867.9375, 1544.0, 868.5, 1545.0, 869.0625, 1546.0, 869.625, 1547.0, 870.1875, 1548.0, 870.75, 1549.0, 871.3125, 1550.0, 871.875, 1551.0, 872.4375, 1552.0, 873.0, 1553.0, 873.5625, 1554.0, 874.125, 1555.0, 874.6875, 1556.0, 875.25, 1557.0, 875.8125, 1558.0, 876.375, 1559.0, 876.9375, 1560.0, 877.5, 1561.0, 878.0625, 1562.0, 878.625, 1563.0, 879.1875, 1564.0, 879.75, 1565.0, 880.3125, 1566.0, 880.875, 1567.0, 881.4375, 1568.0, 882.0, 1569.0, 882.5625, 1570.0, 883.125, 1571.0, 883.6875, 1572.0, 884.25, 1573.0, 884.8125, 1574.0, 885.375, 1575.0, 885.9375, 1576.0, 886.5, 1577.0, 887.0625, 1578.0, 887.625, 1579.0, 888.1875, 1580.0, 888.75, 1581.0, 889.3125, 1582.0, 889.875, 1583.0, 890.4375, 1584.0, 891.0, 1585.0, 891.5625, 1586.0, 892.125, 1587.0, 892.6875, 1588.0, 893.25, 1589.0, 893.8125, 1590.0, 894.375, 1591.0, 894.9375, 1592.0, 895.5, 1593.0, 896.0625, 1594.0, 896.625, 1595.0, 897.1875, 1596.0, 897.75, 1597.0, 898.3125, 1598.0, 898.875, 1599.0, 899.4375, 1600.0, 900.0, 1601.0, 900.5625, 1602.0, 901.125, 1603.0, 901.6875, 1604.0, 902.25, 1605.0, 902.8125, 1606.0, 903.375, 1607.0, 903.9375, 1608.0, 904.5, 1609.0, 905.0625, 1610.0, 905.625, 1611.0, 906.1875, 1612.0, 906.75, 1613.0, 907.3125, 1614.0, 907.875, 1615.0, 908.4375, 1616.0, 909.0, 1617.0, 909.5625, 1618.0, 910.125, 1619.0, 910.6875, 1620.0, 911.25, 1621.0, 911.8125, 1622.0, 912.375, 1623.0, 912.9375, 1624.0, 913.5, 1625.0, 914.0625, 1626.0, 914.625, 1627.0, 915.1875, 1628.0, 915.75, 1629.0, 916.3125, 1630.0, 916.875, 1631.0, 917.4375, 1632.0, 918.0, 1633.0, 918.5625, 1634.0, 919.125, 1635.0, 919.6875, 1636.0, 920.25, 1637.0, 920.8125, 1638.0, 921.375, 1639.0, 921.9375, 1640.0, 922.5, 1641.0, 923.0625, 1642.0, 923.625, 1643.0, 924.1875, 1644.0, 924.75, 1645.0, 925.3125, 1646.0, 925.875, 1647.0, 926.4375, 1648.0, 927.0, 1649.0, 927.5625, 1650.0, 928.125, 1651.0, 928.6875, 1652.0, 929.25, 1653.0, 929.8125, 1654.0, 930.375, 1655.0, 930.9375, 1656.0, 931.5, 1657.0, 932.0625, 1658.0, 932.625, 1659.0, 933.1875, 1660.0, 933.75, 1661.0, 934.3125, 1662.0, 934.875, 1663.0, 935.4375, 1664.0, 936.0, 1665.0, 936.5625, 1666.0, 937.125, 1667.0, 937.6875, 1668.0, 938.25, 1669.0, 938.8125, 1670.0, 939.375, 1671.0, 939.9375, 1672.0, 940.5, 1673.0, 941.0625, 1674.0, 941.625, 1675.0, 942.1875, 1676.0, 942.75, 1677.0, 943.3125, 1678.0, 943.875, 1679.0, 944.4375, 1680.0, 945.0, 1681.0, 945.5625, 1682.0, 946.125, 1683.0, 946.6875, 1684.0, 947.25, 1685.0, 947.8125, 1686.0, 948.375, 1687.0, 948.9375, 1688.0, 949.5, 1689.0, 950.0625, 1690.0, 950.625, 1691.0, 951.1875, 1692.0, 951.75, 1693.0, 952.3125, 1694.0, 952.875, 1695.0, 953.4375, 1696.0, 954.0, 1697.0, 954.5625, 1698.0, 955.125, 1699.0, 955.6875, 1700.0, 956.25, 1701.0, 956.8125, 1702.0, 957.375, 1703.0, 957.9375, 1704.0, 958.5, 1705.0, 959.0625, 1706.0, 959.625, 1707.0, 960.1875, 1708.0, 960.75, 1709.0, 961.3125, 1710.0, 961.875, 1711.0, 962.4375, 1712.0, 963.0, 1713.0, 963.5625, 1714.0, 964.125, 1715.0, 964.6875, 1716.0, 965.25, 1717.0, 965.8125, 1718.0, 966.375, 1719.0, 966.9375, 1720.0, 967.5, 1721.0, 968.0625, 1722.0, 968.625, 1723.0, 969.1875, 1724.0, 969.75, 1725.0, 970.3125, 1726.0, 970.875, 1727.0, 971.4375, 1728.0, 972.0, 1729.0, 972.5625, 1730.0, 973.125, 1731.0, 973.6875, 1732.0, 974.25, 1733.0, 974.8125, 1734.0, 975.375, 1735.0, 975.9375, 1736.0, 976.5, 1737.0, 977.0625, 1738.0, 977.625, 1739.0, 978.1875, 1740.0, 978.75, 1741.0, 979.3125, 1742.0, 979.875, 1743.0, 980.4375, 1744.0, 981.0, 1745.0, 981.5625, 1746.0, 982.125, 1747.0, 982.6875, 1748.0, 983.25, 1749.0, 983.8125, 1750.0, 984.375, 1751.0, 984.9375, 1752.0, 985.5, 1753.0, 986.0625, 1754.0, 986.625, 1755.0, 987.1875, 1756.0, 987.75, 1757.0, 988.3125, 1758.0, 988.875, 1759.0, 989.4375, 1760.0, 990.0, 1761.0, 990.5625, 1762.0, 991.125, 1763.0, 991.6875, 1764.0, 992.25, 1765.0, 992.8125, 1766.0, 993.375, 1767.0, 993.9375, 1768.0, 994.5, 1769.0, 995.0625, 1770.0, 995.625, 1771.0, 996.1875, 1772.0, 996.75, 1773.0, 997.3125, 1774.0, 997.875, 1775.0, 998.4375, 1776.0, 999.0, 1777.0, 999.5625, 1778.0, 1000.125, 1779.0, 1000.6875, 1780.0, 1001.25, 1781.0, 1001.8125, 1782.0, 1002.375, 1783.0, 1002.9375, 1784.0, 1003.5, 1785.0, 1004.0625, 1786.0, 1004.625, 1787.0, 1005.1875, 1788.0, 1005.75, 1789.0, 1006.3125, 1790.0, 1006.875, 1791.0, 1007.4375, 1792.0, 1008.0, 1793.0, 1008.5625, 1794.0, 1009.125, 1795.0, 1009.6875, 1796.0, 1010.25, 1797.0, 1010.8125, 1798.0, 1011.375, 1799.0, 1011.9375, 1800.0, 1012.5, 1801.0, 1013.0625, 1802.0, 1013.625, 1803.0, 1014.1875, 1804.0, 1014.75, 1805.0, 1015.3125, 1806.0, 1015.875, 1807.0, 1016.4375, 1808.0, 1017.0, 1809.0, 1017.5625, 1810.0, 1018.125, 1811.0, 1018.6875, 1812.0, 1019.25, 1813.0, 1019.8125, 1814.0, 1020.375, 1815.0, 1020.9375, 1816.0, 1021.5, 1817.0, 1022.0625, 1818.0, 1022.625, 1819.0, 1023.1875, 1820.0, 1023.75, 1821.0, 1024.3125, 1822.0, 1024.875, 1823.0, 1025.4375, 1824.0, 1026.0, 1825.0, 1026.5625, 1826.0, 1027.125, 1827.0, 1027.6875, 1828.0, 1028.25, 1829.0, 1028.8125, 1830.0, 1029.375, 1831.0, 1029.9375, 1832.0, 1030.5, 1833.0, 1031.0625, 1834.0, 1031.625, 1835.0, 1032.1875, 1836.0, 1032.75, 1837.0, 1033.3125, 1838.0, 1033.875, 1839.0, 1034.4375, 1840.0, 1035.0, 1841.0, 1035.5625, 1842.0, 1036.125, 1843.0, 1036.6875, 1844.0, 1037.25, 1845.0, 1037.8125, 1846.0, 1038.375, 1847.0, 1038.9375, 1848.0, 1039.5, 1849.0, 1040.0625, 1850.0, 1040.625, 1851.0, 1041.1875, 1852.0, 1041.75, 1853.0, 1042.3125, 1854.0, 1042.875, 1855.0, 1043.4375, 1856.0, 1044.0, 1857.0, 1044.5625, 1858.0, 1045.125, 1859.0, 1045.6875, 1860.0, 1046.25, 1861.0, 1046.8125, 1862.0, 1047.375, 1863.0, 1047.9375, 1864.0, 1048.5, 1865.0, 1049.0625, 1866.0, 1049.625, 1867.0, 1050.1875, 1868.0, 1050.75, 1869.0, 1051.3125, 1870.0, 1051.875, 1871.0, 1052.4375, 1872.0, 1053.0, 1873.0, 1053.5625, 1874.0, 1054.125, 1875.0, 1054.6875, 1876.0, 1055.25, 1877.0, 1055.8125, 1878.0, 1056.375, 1879.0, 1056.9375, 1880.0, 1057.5, 1881.0, 1058.0625, 1882.0, 1058.625, 1883.0, 1059.1875, 1884.0, 1059.75, 1885.0, 1060.3125, 1886.0, 1060.875, 1887.0, 1061.4375, 1888.0, 1062.0, 1889.0, 1062.5625, 1890.0, 1063.125, 1891.0, 1063.6875, 1892.0, 1064.25, 1893.0, 1064.8125, 1894.0, 1065.375, 1895.0, 1065.9375, 1896.0, 1066.5, 1897.0, 1067.0625, 1898.0, 1067.625, 1899.0, 1068.1875, 1900.0, 1068.75, 1901.0, 1069.3125, 1902.0, 1069.875, 1903.0, 1070.4375, 1904.0, 1071.0, 1905.0, 1071.5625, 1906.0, 1072.125, 1907.0, 1072.6875, 1908.0, 1073.25, 1909.0, 1073.8125, 1910.0, 1074.375, 1911.0, 1074.9375, 1912.0, 1075.5, 1913.0, 1076.0625, 1914.0, 1076.625, 1915.0, 1077.1875, 1916.0, 1077.75, 1917.0, 1078.3125, 1918.0, 1078.875, 1919.0, 1079.4375 ];


	}
);

